{
  "frames": [
    {
      "file_path": "r_000.png",
      "intrinsic_matrix": [
        [
          560.0,
          0.0,
          256.0
        ],
        [
          0.0,
          560.0,
          256.0
        ],
        [
          0.0,
          0.0,
          1.0
        ]
      ],
      "transform_matrix": [
        [
          -0.9046708321327396,
          -0.0777823787998563,
          0.4189517686562725,
          0.7541131377220154
        ],
        [
          0.4261111187099635,
          -0.16513874738253528,
          0.8894709149552288,
          1.6010476350784302
        ],
        [
          7.4505801318078914e-09,
          0.9831984009655238,
          0.18254015171596957,
          0.32857224345207214
        ],
        [
          0.0,
          0.0,
          0.0,
          1.0
        ]
      ]
    },
    {
      "file_path": "r_001.png",
      "intrinsic_matrix": [
        [
          560.0,
          0.0,
          256.0
        ],
        [
          0.0,
          560.0,
          256.0
        ],
        [
          0.0,
          0.0,
          1.0
        ]
      ],
      "transform_matrix": [
        [
          0.9999721578774381,
          -0.004143989987103223,
          0.006205707803045032,
          0.011170274578034878
        ],
        [
          0.007462135749246681,
          0.5553201807321089,
          -0.8316031362111589,
          -1.4968856573104858
        ],
        [
          0.0,
          0.831626312846488,
          0.5553356759964443,
          0.9996041655540466
        ],
        [
          0.0,
          0.0,
          0.0,
          1.0
        ]
      ]
    },
    {
      "file_path": "r_002.png",
      "intrinsic_matrix": [
        [
          560.0,
          0.0,
          256.0
        ],
        [
          0.0,
          560.0,
          256.0
        ],
        [
          0.0,
          0.0,
          1.0
        ]
      ],
      "transform_matrix": [
        [
          -0.6769627127426431,
          0.042696826112435284,
          -0.7347778128556404,
          -1.3226001262664795
        ],
        [
          -0.736017313353512,
          -0.03927102960255727,
          0.6758227077837217,
          1.2164808511734009
        ],
        [
          1.8626450708336253e-09,
          0.9983159656510956,
          0.058010631602835136,
          0.10441913455724716
        ],
        [
          0.0,
          0.0,
          0.0,
          1.0
        ]
      ]
    },
    {
      "file_path": "r_003.png",
      "intrinsic_matrix": [
        [
          560.0,
          0.0,
          256.0
        ],
        [
          0.0,
          560.0,
          256.0
        ],
        [
          0.0,
          0.0,
          1.0
        ]
      ],
      "transform_matrix": [
        [
          -0.9913427422142852,
          0.013777571823218752,
          -0.13057468293667807,
          -0.23503443598747253
        ],
        [
          -0.1312995333543166,
          -0.1040239291866421,
          0.9858698950423029,
          1.7745658159255981
        ],
        [
          9.313225558720501e-10,
          0.994479361611506,
          0.10493236976865064,
          0.18887825310230255
        ],
        [
          0.0,
          0.0,
          0.0,
          1.0
        ]
      ]
    },
    {
      "file_path": "r_004.png",
      "intrinsic_matrix": [
        [
          560.0,
          0.0,
          256.0
        ],
        [
          0.0,
          560.0,
          256.0
        ],
        [
          0.0,
          0.0,
          1.0
        ]
      ],
      "transform_matrix": [
        [
          0.072300658441768,
          0.14807260794112848,
          -0.9863301283704344,
          -1.7753942012786865
        ],
        [
          -0.9973828827430752,
          0.010733839266466596,
          -0.07149944397949708,
          -0.12869898974895477
        ],
        [
          0.0,
          0.9889182410452922,
          0.14846113087062632,
          0.2672300338745117
        ],
        [
          0.0,
          0.0,
          0.0,
          1.0
        ]
      ]
    },
    {
      "file_path": "r_005.png",
      "intrinsic_matrix": [
        [
          560.0,
          0.0,
          256.0
        ],
        [
          0.0,
          560.0,
          256.0
        ],
        [
          0.0,
          0.0,
          1.0
        ]
      ],
      "transform_matrix": [
        [
          -0.6273426912212922,
          0.1419573576566858,
          -0.7656952817501358,
          -1.378251552581787
        ],
        [
          -0.7787433131470386,
          -0.11435848121997001,
          0.6168314029822327,
          1.1102964878082275
        ],
        [
          7.450579156055797e-09,
          0.983244754056788,
          0.1822903063811967,
          0.3281225562095642
        ],
        [
          0.0,
          0.0,
          0.0,
          1.0
        ]
      ]
    },
    {
      "file_path": "r_006.png",
      "intrinsic_matrix": [
        [
          560.0,
          0.0,
          256.0
        ],
        [
          0.0,
          560.0,
          256.0
        ],
        [
          0.0,
          0.0,
          1.0
        ]
      ],
      "transform_matrix": [
        [
          0.958426158129754,
          -0.11686804614077007,
          0.2603097189535852,
          0.4685575067996979
        ],
        [
          0.28534067255237167,
          0.3925462093499827,
          -0.8743501604409073,
          -1.573830246925354
        ],
        [
          0.0,
          0.9122770047064644,
          0.40957373836131783,
          0.7372326850891113
        ],
        [
          0.0,
          0.0,
          0.0,
          1.0
        ]
      ]
    },
    {
      "file_path": "r_007.png",
      "intrinsic_matrix": [
        [
          560.0,
          0.0,
          256.0
        ],
        [
          0.0,
          560.0,
          256.0
        ],
        [
          0.0,
          0.0,
          1.0
        ]
      ],
      "transform_matrix": [
        [
          -0.49678821344970775,
          0.30420682985024633,
          -0.8128097432314594,
          -1.463057518005371
        ],
        [
          -0.8678718056126996,
          -0.17413443904312684,
          0.4652695219006564,
          0.837485134601593
        ],
        [
          -1.4901160978519192e-08,
          0.9365550714248463,
          0.35052046059872677,
          0.630936861038208
        ],
        [
          0.0,
          0.0,
          0.0,
          1.0
        ]
      ]
    },
    {
      "file_path": "r_008.png",
      "intrinsic_matrix": [
        [
          560.0,
          0.0,
          256.0
        ],
        [
          0.0,
          560.0,
          256.0
        ],
        [
          0.0,
          0.0,
          1.0
        ]
      ],
      "transform_matrix": [
        [
          -0.5434728429641338,
          -0.2532851237433312,
          0.80030240671431,
          1.4405443668365479
        ],
        [
          0.8394267502054492,
          -0.16398520266718375,
          0.5181424075813248,
          0.9326562881469727
        ],
        [
          -1.4901161569448187e-08,
          0.9533915771583721,
          0.3017358170206374,
          0.5431244373321533
        ],
        [
          0.0,
          0.0,
          0.0,
          1.0
        ]
      ]
    },
    {
      "file_path": "r_009.png",
      "intrinsic_matrix": [
        [
          560.0,
          0.0,
          256.0
        ],
        [
          0.0,
          560.0,
          256.0
        ],
        [
          0.0,
          0.0,
          1.0
        ]
      ],
      "transform_matrix": [
        [
          -0.39184916993394225,
          -0.49820675264543224,
          0.7734625350248563,
          1.3922325372695923
        ],
        [
          0.9200294712790893,
          -0.21219092319267518,
          0.32942495004596645,
          0.5929649472236633
        ],
        [
          0.0,
          0.8406931923913344,
          0.5415116888859698,
          0.9747210144996643
        ],
        [
          0.0,
          0.0,
          0.0,
          1.0
        ]
      ]
    },
    {
      "file_path": "r_010.png",
      "intrinsic_matrix": [
        [
          560.0,
          0.0,
          256.0
        ],
        [
          0.0,
          560.0,
          256.0
        ],
        [
          0.0,
          0.0,
          1.0
        ]
      ],
      "transform_matrix": [
        [
          0.5343086664864647,
          -0.4529950233068443,
          0.7136594471547175,
          1.284587025642395
        ],
        [
          0.8452894468272131,
          0.2863387861230635,
          -0.45110512924399443,
          -0.8119892477989197
        ],
        [
          -1.4901160563331969e-08,
          0.8442781582042745,
          0.5359051743140592,
          0.9646292924880981
        ],
        [
          0.0,
          0.0,
          0.0,
          1.0
        ]
      ]
    },
    {
      "file_path": "r_011.png",
      "intrinsic_matrix": [
        [
          560.0,
          0.0,
          256.0
        ],
        [
          0.0,
          560.0,
          256.0
        ],
        [
          0.0,
          0.0,
          1.0
        ]
      ],
      "transform_matrix": [
        [
          0.9817839080240307,
          0.08612608928952543,
          -0.1693595368807179,
          -0.30484718084335327
        ],
        [
          -0.1900009419583536,
          0.44503576383472515,
          -0.8751244456106593,
          -1.5752240419387817
        ],
        [
          7.450580570714322e-09,
          0.8913615796363087,
          0.4532930089491619,
          0.8159274458885193
        ],
        [
          0.0,
          0.0,
          0.0,
          1.0
        ]
      ]
    },
    {
      "file_path": "r_012.png",
      "intrinsic_matrix": [
        [
          560.0,
          0.0,
          256.0
        ],
        [
          0.0,
          560.0,
          256.0
        ],
        [
          0.0,
          0.0,
          1.0
        ]
      ],
      "transform_matrix": [
        [
          0.9508081005393285,
          0.03336389777141123,
          -0.30797860440671193,
          -0.5543614625930786
        ],
        [
          -0.3097804963983271,
          0.10240368734645035,
          -0.9452774788684278,
          -1.7014994621276855
        ],
        [
          3.72529022350247e-09,
          0.9941832502830398,
          0.107701751015677,
          0.1938631385564804
        ],
        [
          0.0,
          0.0,
          0.0,
          1.0
        ]
      ]
    },
    {
      "file_path": "r_013.png",
      "intrinsic_matrix": [
        [
          560.0,
          0.0,
          256.0
        ],
        [
          0.0,
          560.0,
          256.0
        ],
        [
          0.0,
          0.0,
          1.0
        ]
      ],
      "transform_matrix": [
        [
          -0.9959203712826644,
          -0.03846302542344181,
          0.08162848645345035,
          0.14693127572536469
        ],
        [
          0.09023643423917017,
          -0.4245082946421241,
          0.9009162616834496,
          1.6216492652893066
        ],
        [
          3.7252908076027844e-09,
          0.9046067120330864,
          0.42624720483967654,
          0.7672449946403503
        ],
        [
          0.0,
          0.0,
          0.0,
          1.0
        ]
      ]
    },
    {
      "file_path": "r_014.png",
      "intrinsic_matrix": [
        [
          560.0,
          0.0,
          256.0
        ],
        [
          0.0,
          560.0,
          256.0
        ],
        [
          0.0,
          0.0,
          1.0
        ]
      ],
      "transform_matrix": [
        [
          -0.8008368823187118,
          -0.09053260521043041,
          0.5920001083834541,
          1.0656001567840576
        ],
        [
          0.5988825326539804,
          -0.12106188113345012,
          0.791633589560283,
          1.4249404668807983
        ],
        [
          0.0,
          0.9885078999837295,
          0.1511692149674665,
          0.2721045911312103
        ],
        [
          0.0,
          0.0,
          0.0,
          1.0
        ]
      ]
    },
    {
      "file_path": "r_015.png",
      "intrinsic_matrix": [
        [
          560.0,
          0.0,
          256.0
        ],
        [
          0.0,
          560.0,
          256.0
        ],
        [
          0.0,
          0.0,
          1.0
        ]
      ],
      "transform_matrix": [
        [
          -0.8853684287180742,
          -0.01647654234006304,
          0.4645979534055124,
          0.8362762928009033
        ],
        [
          0.46489003584642286,
          -0.03137905188089026,
          0.8848121947983179,
          1.59266197681427
        ],
        [
          -2.7939680427373396e-09,
          0.9993717419737125,
          0.03544180621234084,
          0.06379525363445282
        ],
        [
          0.0,
          0.0,
          0.0,
          1.0
        ]
      ]
    },
    {
      "file_path": "r_016.png",
      "intrinsic_matrix": [
        [
          560.0,
          0.0,
          256.0
        ],
        [
          0.0,
          560.0,
          256.0
        ],
        [
          0.0,
          0.0,
          1.0
        ]
      ],
      "transform_matrix": [
        [
          0.8602783652829031,
          -0.06735457423000028,
          0.5053558452686153,
          0.9096404314041138
        ],
        [
          0.5098246112401555,
          0.11365414913962706,
          -0.8527376858080286,
          -1.5349278450012207
        ],
        [
          0.0,
          0.9912346320188994,
          0.1321132425444607,
          0.23780383169651031
        ],
        [
          0.0,
          0.0,
          0.0,
          1.0
        ]
      ]
    },
    {
      "file_path": "r_017.png",
      "intrinsic_matrix": [
        [
          560.0,
          0.0,
          256.0
        ],
        [
          0.0,
          560.0,
          256.0
        ],
        [
          0.0,
          0.0,
          1.0
        ]
      ],
      "transform_matrix": [
        [
          0.9627955395060217,
          0.00938812881969159,
          0.2700677841832446,
          0.4861220121383667
        ],
        [
          0.2702309181187612,
          -0.03344860730572517,
          -0.96221434479487,
          -1.7319858074188232
        ],
        [
          0.0,
          0.9993963446533974,
          -0.034741137248675905,
          -0.06253404915332794
        ],
        [
          0.0,
          0.0,
          0.0,
          1.0
        ]
      ]
    },
    {
      "file_path": "r_018.png",
      "intrinsic_matrix": [
        [
          560.0,
          0.0,
          256.0
        ],
        [
          0.0,
          560.0,
          256.0
        ],
        [
          0.0,
          0.0,
          1.0
        ]
      ],
      "transform_matrix": [
        [
          -0.6288555369174388,
          -0.2173885988185406,
          0.746513841329337,
          1.3437249660491943
        ],
        [
          0.77752216282771,
          -0.17582266459902854,
          0.6037761799019825,
          1.0867971181869507
        ],
        [
          0.0,
          0.9601190487210475,
          0.2795915043177926,
          0.5032647252082825
        ],
        [
          0.0,
          0.0,
          0.0,
          1.0
        ]
      ]
    },
    {
      "file_path": "r_019.png",
      "intrinsic_matrix": [
        [
          560.0,
          0.0,
          256.0
        ],
        [
          0.0,
          560.0,
          256.0
        ],
        [
          0.0,
          0.0,
          1.0
        ]
      ],
      "transform_matrix": [
        [
          0.9838143275854957,
          0.02178952135361322,
          -0.17786115836070154,
          -0.32015007734298706
        ],
        [
          -0.17919087264003986,
          0.11963131644681721,
          -0.9765136819870535,
          -1.757724642753601
        ],
        [
          -1.8626453594861666e-09,
          0.992579248667018,
          0.1215994952237772,
          0.2188790738582611
        ],
        [
          0.0,
          0.0,
          0.0,
          1.0
        ]
      ]
    },
    {
      "file_path": "r_020.png",
      "intrinsic_matrix": [
        [
          560.0,
          0.0,
          256.0
        ],
        [
          0.0,
          560.0,
          256.0
        ],
        [
          0.0,
          0.0,
          1.0
        ]
      ],
      "transform_matrix": [
        [
          -0.39425572493687033,
          -0.04134026677449218,
          0.9180704730262074,
          1.65252685546875
        ],
        [
          0.919000774403647,
          -0.017735171561029994,
          0.39385663957343586,
          0.7089419364929199
        ],
        [
          0.0,
          0.9989877106514948,
          0.044983930701491884,
          0.08097106963396072
        ],
        [
          0.0,
          0.0,
          0.0,
          1.0
        ]
      ]
    },
    {
      "file_path": "r_021.png",
      "intrinsic_matrix": [
        [
          560.0,
          0.0,
          256.0
        ],
        [
          0.0,
          560.0,
          256.0
        ],
        [
          0.0,
          0.0,
          1.0
        ]
      ],
      "transform_matrix": [
        [
          -0.999207301413902,
          0.005730932537380127,
          -0.03939447958175931,
          -0.07091006636619568
        ],
        [
          -0.03980915474043078,
          -0.14384605296274647,
          0.9887990407775327,
          1.7798383235931396
        ],
        [
          4.656613376800891e-10,
          0.9895834828145075,
          0.14396017482593446,
          0.2591283321380615
        ],
        [
          0.0,
          0.0,
          0.0,
          1.0
        ]
      ]
    },
    {
      "file_path": "r_022.png",
      "intrinsic_matrix": [
        [
          560.0,
          0.0,
          256.0
        ],
        [
          0.0,
          560.0,
          256.0
        ],
        [
          0.0,
          0.0,
          1.0
        ]
      ],
      "transform_matrix": [
        [
          -0.9576179060269324,
          -0.06647041675799131,
          0.28026707928786176,
          0.5044807195663452
        ],
        [
          0.28804157001480374,
          -0.2209863365273712,
          0.9317709470827182,
          1.6771876811981201
        ],
        [
          -7.450580153632479e-09,
          0.9730091072360169,
          0.23076669265737965,
          0.4153800308704376
        ],
        [
          0.0,
          0.0,
          0.0,
          1.0
        ]
      ]
    },
    {
      "file_path": "r_023.png",
      "intrinsic_matrix": [
        [
          560.0,
          0.0,
          256.0
        ],
        [
          0.0,
          560.0,
          256.0
        ],
        [
          0.0,
          0.0,
          1.0
        ]
      ],
      "transform_matrix": [
        [
          0.3314050212503054,
          0.5388564822701113,
          -0.7744704131701814,
          -1.3940467834472656
        ],
        [
          -0.9434885859882378,
          0.18927598033923576,
          -0.27203654660910737,
          -0.48966577649116516
        ],
        [
          -1.490115922637176e-08,
          0.8208582671704674,
          0.5711319431033423,
          1.028037428855896
        ],
        [
          0.0,
          0.0,
          0.0,
          1.0
        ]
      ]
    },
    {
      "file_path": "r_024.png",
      "intrinsic_matrix": [
        [
          560.0,
          0.0,
          256.0
        ],
        [
          0.0,
          560.0,
          256.0
        ],
        [
          0.0,
          0.0,
          1.0
        ]
      ],
      "transform_matrix": [
        [
          -0.9276945431254793,
          0.05919084355602148,
          -0.36861804887671024,
          -0.6635125279426575
        ],
        [
          -0.3733401058756055,
          -0.14708043998660217,
          0.915960981923386,
          1.6487298011779785
        ],
        [
          -3.7252906260115665e-09,
          0.9873519069776865,
          0.15854404320652882,
          0.2853792905807495
        ],
        [
          0.0,
          0.0,
          0.0,
          1.0
        ]
      ]
    },
    {
      "file_path": "r_025.png",
      "intrinsic_matrix": [
        [
          560.0,
          0.0,
          256.0
        ],
        [
          0.0,
          560.0,
          256.0
        ],
        [
          0.0,
          0.0,
          1.0
        ]
      ],
      "transform_matrix": [
        [
          0.6137698129596904,
          0.23352174744536647,
          -0.7541579206734597,
          -1.3574843406677246
        ],
        [
          -0.7894850326000022,
          0.18154696416733626,
          -0.5863054821565479,
          -1.0553498268127441
        ],
        [
          0.0,
          0.9552529996140742,
          0.29578998001734536,
          0.5324219465255737
        ],
        [
          0.0,
          0.0,
          0.0,
          1.0
        ]
      ]
    },
    {
      "file_path": "r_026.png",
      "intrinsic_matrix": [
        [
          560.0,
          0.0,
          256.0
        ],
        [
          0.0,
          560.0,
          256.0
        ],
        [
          0.0,
          0.0,
          1.0
        ]
      ],
      "transform_matrix": [
        [
          0.0984960421821197,
          0.39744610460939783,
          -0.9123240133433107,
          -1.6421831846237183
        ],
        [
          -0.9951374426050194,
          0.03933815413347031,
          -0.09029938939593495,
          -0.16253890097141266
        ],
        [
          0.0,
          0.9167819280287908,
          0.39938817577874786,
          0.7188986539840698
        ],
        [
          0.0,
          0.0,
          0.0,
          1.0
        ]
      ]
    },
    {
      "file_path": "r_027.png",
      "intrinsic_matrix": [
        [
          560.0,
          0.0,
          256.0
        ],
        [
          0.0,
          560.0,
          256.0
        ],
        [
          0.0,
          0.0,
          1.0
        ]
      ],
      "transform_matrix": [
        [
          0.6625469996493285,
          -0.4283313697722962,
          0.6144621098684891,
          1.1060317754745483
        ],
        [
          0.7490203423510423,
          0.37888116991978416,
          -0.543523327968605,
          -0.9783419966697693
        ],
        [
          -1.490116082806417e-08,
          0.820354372664158,
          0.5718554952869622,
          1.0293399095535278
        ],
        [
          0.0,
          0.0,
          0.0,
          1.0
        ]
      ]
    },
    {
      "file_path": "r_028.png",
      "intrinsic_matrix": [
        [
          560.0,
          0.0,
          256.0
        ],
        [
          0.0,
          560.0,
          256.0
        ],
        [
          0.0,
          0.0,
          1.0
        ]
      ],
      "transform_matrix": [
        [
          -0.6827597899909429,
          0.20733051785792114,
          -0.7006091124342877,
          -1.2610963582992554
        ],
        [
          -0.7306429149533468,
          -0.19374299603899886,
          0.6546942654334711,
          1.1784497499465942
        ],
        [
          0.0,
          0.9588940024062089,
          0.2837644981010969,
          0.5107761025428772
        ],
        [
          0.0,
          0.0,
          0.0,
          1.0
        ]
      ]
    },
    {
      "file_path": "r_029.png",
      "intrinsic_matrix": [
        [
          560.0,
          0.0,
          256.0
        ],
        [
          0.0,
          560.0,
          256.0
        ],
        [
          0.0,
          0.0,
          1.0
        ]
      ],
      "transform_matrix": [
        [
          -0.3758010495862539,
          0.2079927248127648,
          -0.9030573551797206,
          -1.6255031824111938
        ],
        [
          -0.9267003675028246,
          -0.08434645383626015,
          0.36621319226315957,
          0.6591838002204895
        ],
        [
          0.0,
          0.9744868917282619,
          0.22444444984947604,
          0.40400001406669617
        ],
        [
          0.0,
          0.0,
          0.0,
          1.0
        ]
      ]
    },
    {
      "file_path": "r_030.png",
      "intrinsic_matrix": [
        [
          560.0,
          0.0,
          256.0
        ],
        [
          0.0,
          560.0,
          256.0
        ],
        [
          0.0,
          0.0,
          1.0
        ]
      ],
      "transform_matrix": [
        [
          0.6973449910861003,
          -0.0162620094800177,
          0.7165511172963915,
          1.2897919416427612
        ],
        [
          0.7167356300667121,
          0.015822055332594995,
          -0.6971654797050477,
          -1.2548978328704834
        ],
        [
          0.0,
          0.9997425716716899,
          0.022688988715315717,
          0.040840182453393936
        ],
        [
          0.0,
          0.0,
          0.0,
          1.0
        ]
      ]
    },
    {
      "file_path": "r_031.png",
      "intrinsic_matrix": [
        [
          560.0,
          0.0,
          256.0
        ],
        [
          0.0,
          560.0,
          256.0
        ],
        [
          0.0,
          0.0,
          1.0
        ]
      ],
      "transform_matrix": [
        [
          -0.5038198363290873,
          -0.04227402670065741,
          -0.862773703798492,
          -1.5529927015304565
        ],
        [
          -0.8638087592293399,
          0.024656492805061346,
          0.5032161566003808,
          0.9057891368865967
        ],
        [
          0.0,
          0.9988017641299328,
          -0.048939102670287955,
          -0.08809038251638412
        ],
        [
          0.0,
          0.0,
          0.0,
          1.0
        ]
      ]
    }
  ],
  "offset": [
    -0.002738967537879944,
    0.00021690130233764648,
    -0.4999876022338867
  ],
  "scale": 12.393570008788855
}