{
  "frames": [
    {
      "file_path": "r_000.png",
      "intrinsic_matrix": [
        [
          560.0,
          0.0,
          256.0
        ],
        [
          0.0,
          560.0,
          256.0
        ],
        [
          0.0,
          0.0,
          1.0
        ]
      ],
      "transform_matrix": [
        [
          0.27055299448787035,
          0.42750489604402453,
          -0.8625779075849801,
          -1.5526401996612549
        ],
        [
          -0.962705083176383,
          0.12014347485039,
          -0.24241385049757516,
          -0.4363449215888977
        ],
        [
          0.0,
          0.8959939225850035,
          0.44406629959191574,
          0.799319326877594
        ],
        [
          0.0,
          0.0,
          0.0,
          1.0
        ]
      ]
    },
    {
      "file_path": "r_001.png",
      "intrinsic_matrix": [
        [
          560.0,
          0.0,
          256.0
        ],
        [
          0.0,
          560.0,
          256.0
        ],
        [
          0.0,
          0.0,
          1.0
        ]
      ],
      "transform_matrix": [
        [
          0.8719869057341644,
          -0.17595155871678655,
          0.45681495614037104,
          0.8222669363021851
        ],
        [
          0.4895291985450481,
          0.3134183937011967,
          -0.8137137475343209,
          -1.4646847248077393
        ],
        [
          -1.4901160702690723e-08,
          0.9331719881537887,
          0.35943015026583724,
          0.6469742655754089
        ],
        [
          0.0,
          0.0,
          0.0,
          1.0
        ]
      ]
    },
    {
      "file_path": "r_002.png",
      "intrinsic_matrix": [
        [
          560.0,
          0.0,
          256.0
        ],
        [
          0.0,
          560.0,
          256.0
        ],
        [
          0.0,
          0.0,
          1.0
        ]
      ],
      "transform_matrix": [
        [
          -0.9047075504723763,
          0.04192998599175289,
          -0.4239647491451484,
          -0.7631365656852722
        ],
        [
          -0.42603315377828627,
          -0.08904089923960848,
          0.9003152152744427,
          1.6205673217773438
        ],
        [
          3.725290475293537e-09,
          0.9951450118135213,
          0.09841953377061458,
          0.17715516686439514
        ],
        [
          0.0,
          0.0,
          0.0,
          1.0
        ]
      ]
    },
    {
      "file_path": "r_003.png",
      "intrinsic_matrix": [
        [
          560.0,
          0.0,
          256.0
        ],
        [
          0.0,
          560.0,
          256.0
        ],
        [
          0.0,
          0.0,
          1.0
        ]
      ],
      "transform_matrix": [
        [
          -0.6081713719213123,
          -0.2364331467783312,
          0.7577776648838824,
          1.363999843597412
        ],
        [
          0.7938057585929624,
          -0.18114236532954858,
          0.5805685222150815,
          1.0450233221054077
        ],
        [
          -1.490116158351561e-08,
          0.9546134351596527,
          0.2978476147564841,
          0.5361257195472717
        ],
        [
          0.0,
          0.0,
          0.0,
          1.0
        ]
      ]
    },
    {
      "file_path": "r_004.png",
      "intrinsic_matrix": [
        [
          560.0,
          0.0,
          256.0
        ],
        [
          0.0,
          560.0,
          256.0
        ],
        [
          0.0,
          0.0,
          1.0
        ]
      ],
      "transform_matrix": [
        [
          0.6851712870708253,
          0.4163821828815046,
          -0.5976337847542091,
          -1.0757408142089844
        ],
        [
          -0.7283819790286611,
          0.39168065299171195,
          -0.5621796580605622,
          -1.0119234323501587
        ],
        [
          0.0,
          0.8204950602232894,
          0.5716536463482664,
          1.028976559638977
        ],
        [
          0.0,
          0.0,
          0.0,
          1.0
        ]
      ]
    },
    {
      "file_path": "r_005.png",
      "intrinsic_matrix": [
        [
          560.0,
          0.0,
          256.0
        ],
        [
          0.0,
          560.0,
          256.0
        ],
        [
          0.0,
          0.0,
          1.0
        ]
      ],
      "transform_matrix": [
        [
          -0.7985649943991078,
          0.30654636119814216,
          -0.5179993221903518,
          -0.932398796081543
        ],
        [
          -0.6019085891731007,
          -0.4067016084864915,
          0.6872407537170914,
          1.2370333671569824
        ],
        [
          -1.4901160324467823e-08,
          0.8605946374982119,
          0.5092905346074087,
          0.9167229533195496
        ],
        [
          0.0,
          0.0,
          0.0,
          1.0
        ]
      ]
    },
    {
      "file_path": "r_006.png",
      "intrinsic_matrix": [
        [
          560.0,
          0.0,
          256.0
        ],
        [
          0.0,
          560.0,
          256.0
        ],
        [
          0.0,
          0.0,
          1.0
        ]
      ],
      "transform_matrix": [
        [
          0.9995880341812818,
          -0.016126261604270595,
          0.023742489702902166,
          0.0427364781498909
        ],
        [
          0.028701252962204767,
          0.5616345742676045,
          -0.8268874497801426,
          -1.4883973598480225
        ],
        [
          0.0,
          0.8272282325174336,
          0.5618660334802237,
          1.0113588571548462
        ],
        [
          0.0,
          0.0,
          0.0,
          1.0
        ]
      ]
    },
    {
      "file_path": "r_007.png",
      "intrinsic_matrix": [
        [
          560.0,
          0.0,
          256.0
        ],
        [
          0.0,
          560.0,
          256.0
        ],
        [
          0.0,
          0.0,
          1.0
        ]
      ],
      "transform_matrix": [
        [
          0.8589651465931202,
          0.23625406602034085,
          -0.4542718181418936,
          -0.8176892995834351
        ],
        [
          -0.5120340583772331,
          0.3963291304987907,
          -0.7620658429069078,
          -1.3717185258865356
        ],
        [
          0.0,
          0.8871906427633968,
          0.4614030410786672,
          0.8305255174636841
        ],
        [
          0.0,
          0.0,
          0.0,
          1.0
        ]
      ]
    },
    {
      "file_path": "r_008.png",
      "intrinsic_matrix": [
        [
          560.0,
          0.0,
          256.0
        ],
        [
          0.0,
          560.0,
          256.0
        ],
        [
          0.0,
          0.0,
          1.0
        ]
      ],
      "transform_matrix": [
        [
          -0.32157796028015784,
          -0.48269196105743456,
          0.8146140948294022,
          1.4663053750991821
        ],
        [
          0.9468831054898241,
          -0.1639306027160392,
          0.27665710975103613,
          0.49798282980918884
        ],
        [
          0.0,
          0.860311122922216,
          0.5097692812728882,
          0.9175847172737122
        ],
        [
          0.0,
          0.0,
          0.0,
          1.0
        ]
      ]
    },
    {
      "file_path": "r_009.png",
      "intrinsic_matrix": [
        [
          560.0,
          0.0,
          256.0
        ],
        [
          0.0,
          560.0,
          256.0
        ],
        [
          0.0,
          0.0,
          1.0
        ]
      ],
      "transform_matrix": [
        [
          -0.07027089739470106,
          0.3457648291337006,
          -0.9356862069388311,
          -1.6842352151870728
        ],
        [
          -0.9975279449616153,
          -0.02435741738867427,
          0.06591444554904155,
          0.11864601075649261
        ],
        [
          -3.725290362911943e-09,
          0.9380050101957328,
          0.34662170735888076,
          0.6239190697669983
        ],
        [
          0.0,
          0.0,
          0.0,
          1.0
        ]
      ]
    },
    {
      "file_path": "r_010.png",
      "intrinsic_matrix": [
        [
          560.0,
          0.0,
          256.0
        ],
        [
          0.0,
          560.0,
          256.0
        ],
        [
          0.0,
          0.0,
          1.0
        ]
      ],
      "transform_matrix": [
        [
          -0.6415252383935804,
          0.1809106541878902,
          -0.7454640991380534,
          -1.341835379600525
        ],
        [
          -0.7671019283667978,
          -0.15129507897533045,
          0.623429553165342,
          1.1221731901168823
        ],
        [
          7.450580174192698e-09,
          0.9717927424503428,
          0.235836530538321,
          0.4245057702064514
        ],
        [
          0.0,
          0.0,
          0.0,
          1.0
        ]
      ]
    },
    {
      "file_path": "r_011.png",
      "intrinsic_matrix": [
        [
          560.0,
          0.0,
          256.0
        ],
        [
          0.0,
          560.0,
          256.0
        ],
        [
          0.0,
          0.0,
          1.0
        ]
      ],
      "transform_matrix": [
        [
          0.3487136090258872,
          0.2506089288096532,
          -0.9031024191962008,
          -1.625584363937378
        ],
        [
          -0.9372293309964965,
          0.0932437099505133,
          -0.3360160562070137,
          -0.6048288941383362
        ],
        [
          0.0,
          0.9635874508084581,
          0.2673934000925503,
          0.48130813241004944
        ],
        [
          0.0,
          0.0,
          0.0,
          1.0
        ]
      ]
    },
    {
      "file_path": "r_012.png",
      "intrinsic_matrix": [
        [
          560.0,
          0.0,
          256.0
        ],
        [
          0.0,
          560.0,
          256.0
        ],
        [
          0.0,
          0.0,
          1.0
        ]
      ],
      "transform_matrix": [
        [
          -0.6731353260743923,
          -0.0017337463952346766,
          -0.739517296107922,
          -1.3311312198638916
        ],
        [
          -0.739519325501857,
          0.0015781140524367045,
          0.6731334729730127,
          1.2116402387619019
        ],
        [
          0.0,
          0.999997251835961,
          -0.002344423280493991,
          -0.004219961818307638
        ],
        [
          0.0,
          0.0,
          0.0,
          1.0
        ]
      ]
    },
    {
      "file_path": "r_013.png",
      "intrinsic_matrix": [
        [
          560.0,
          0.0,
          256.0
        ],
        [
          0.0,
          560.0,
          256.0
        ],
        [
          0.0,
          0.0,
          1.0
        ]
      ],
      "transform_matrix": [
        [
          -0.7123438974355567,
          -0.1562539770096757,
          0.6842155202667793,
          1.2315878868103027
        ],
        [
          0.7018305862430912,
          -0.1585946386408816,
          0.6944649411315532,
          1.2500369548797607
        ],
        [
          0.0,
          0.9749012438514109,
          0.22263774919184046,
          0.40074795484542847
        ],
        [
          0.0,
          0.0,
          0.0,
          1.0
        ]
      ]
    },
    {
      "file_path": "r_014.png",
      "intrinsic_matrix": [
        [
          560.0,
          0.0,
          256.0
        ],
        [
          0.0,
          560.0,
          256.0
        ],
        [
          0.0,
          0.0,
          1.0
        ]
      ],
      "transform_matrix": [
        [
          -0.23036958095315244,
          0.004894073879325626,
          -0.9730909031663156,
          -1.7515636682510376
        ],
        [
          -0.9731032094138159,
          -0.0011586086172716149,
          0.23036666392448837,
          0.4146600067615509
        ],
        [
          1.164153222660116e-10,
          0.9999873527534915,
          0.0050293466042746916,
          0.009052825160324574
        ],
        [
          0.0,
          0.0,
          0.0,
          1.0
        ]
      ]
    },
    {
      "file_path": "r_015.png",
      "intrinsic_matrix": [
        [
          560.0,
          0.0,
          256.0
        ],
        [
          0.0,
          560.0,
          256.0
        ],
        [
          0.0,
          0.0,
          1.0
        ]
      ],
      "transform_matrix": [
        [
          0.914714199096881,
          -0.17540910307494675,
          0.36404611170157136,
          0.6552830338478088
        ],
        [
          0.4041013907060346,
          0.3970518048649895,
          -0.8240460824855008,
          -1.4832829236984253
        ],
        [
          1.4901161988887918e-08,
          0.9008781886647589,
          0.4340719784727716,
          0.7813295722007751
        ],
        [
          0.0,
          0.0,
          0.0,
          1.0
        ]
      ]
    },
    {
      "file_path": "r_016.png",
      "intrinsic_matrix": [
        [
          560.0,
          0.0,
          256.0
        ],
        [
          0.0,
          560.0,
          256.0
        ],
        [
          0.0,
          0.0,
          1.0
        ]
      ],
      "transform_matrix": [
        [
          0.9900310533815372,
          -0.015300982389386531,
          0.1400156866578448,
          0.252028226852417
        ],
        [
          0.1408492575068958,
          0.10755077445161888,
          -0.9841718948107694,
          -1.7715094089508057
        ],
        [
          0.0,
          0.9940818431360553,
          0.10863373764311114,
          0.19554072618484497
        ],
        [
          0.0,
          0.0,
          0.0,
          1.0
        ]
      ]
    },
    {
      "file_path": "r_017.png",
      "intrinsic_matrix": [
        [
          560.0,
          0.0,
          256.0
        ],
        [
          0.0,
          560.0,
          256.0
        ],
        [
          0.0,
          0.0,
          1.0
        ]
      ],
      "transform_matrix": [
        [
          -0.30177564354236175,
          0.23841531729972976,
          -0.9230869886231963,
          -1.661556601524353
        ],
        [
          -0.9533789702760354,
          -0.07546625689603707,
          0.2921872503372305,
          0.5259370803833008
        ],
        [
          -7.45058085973232e-09,
          0.96822671959979,
          0.2500740333879703,
          0.4501332938671112
        ],
        [
          0.0,
          0.0,
          0.0,
          1.0
        ]
      ]
    },
    {
      "file_path": "r_018.png",
      "intrinsic_matrix": [
        [
          560.0,
          0.0,
          256.0
        ],
        [
          0.0,
          560.0,
          256.0
        ],
        [
          0.0,
          0.0,
          1.0
        ]
      ],
      "transform_matrix": [
        [
          -0.009216621560762247,
          0.4258581436424583,
          -0.9047430021255143,
          -1.6285374164581299
        ],
        [
          -0.9999575260414844,
          -0.00392514011448264,
          0.008339027784578543,
          0.015010250732302666
        ],
        [
          -2.328306664224202e-10,
          0.9047814292791829,
          0.4258762269962009,
          0.7665772438049316
        ],
        [
          0.0,
          0.0,
          0.0,
          1.0
        ]
      ]
    },
    {
      "file_path": "r_019.png",
      "intrinsic_matrix": [
        [
          560.0,
          0.0,
          256.0
        ],
        [
          0.0,
          560.0,
          256.0
        ],
        [
          0.0,
          0.0,
          1.0
        ]
      ],
      "transform_matrix": [
        [
          0.9535655515836116,
          0.1689250386531409,
          -0.24935332487648335,
          -0.4488360285758972
        ],
        [
          -0.30118555548538967,
          0.5348234073769823,
          -0.7894625913498078,
          -1.4210326671600342
        ],
        [
          0.0,
          0.8279059452846736,
          0.5608669505616188,
          1.0095605850219727
        ],
        [
          0.0,
          0.0,
          0.0,
          1.0
        ]
      ]
    },
    {
      "file_path": "r_020.png",
      "intrinsic_matrix": [
        [
          560.0,
          0.0,
          256.0
        ],
        [
          0.0,
          560.0,
          256.0
        ],
        [
          0.0,
          0.0,
          1.0
        ]
      ],
      "transform_matrix": [
        [
          -0.5423942316029603,
          0.25358377069031535,
          -0.8009392843434008,
          -1.4416906833648682
        ],
        [
          -0.8401240965023169,
          -0.16371673864548392,
          0.5170960779842217,
          0.9307729601860046
        ],
        [
          1.490115999734441e-08,
          0.9533583275609271,
          0.301840866896477,
          0.5433135628700256
        ],
        [
          0.0,
          0.0,
          0.0,
          1.0
        ]
      ]
    },
    {
      "file_path": "r_021.png",
      "intrinsic_matrix": [
        [
          560.0,
          0.0,
          256.0
        ],
        [
          0.0,
          560.0,
          256.0
        ],
        [
          0.0,
          0.0,
          1.0
        ]
      ],
      "transform_matrix": [
        [
          -0.03306699508306189,
          -0.4613023990658063,
          0.8866265602468909,
          1.5959278345108032
        ],
        [
          0.9994531373887305,
          -0.015262229887577762,
          0.02933411908750343,
          0.05280141532421112
        ],
        [
          -9.31322593828223e-10,
          0.8871116958731805,
          0.4615548202782921,
          0.8307986855506897
        ],
        [
          0.0,
          0.0,
          0.0,
          1.0
        ]
      ]
    },
    {
      "file_path": "r_022.png",
      "intrinsic_matrix": [
        [
          560.0,
          0.0,
          256.0
        ],
        [
          0.0,
          560.0,
          256.0
        ],
        [
          0.0,
          0.0,
          1.0
        ]
      ],
      "transform_matrix": [
        [
          0.9375658246564025,
          0.19055783806083018,
          -0.29096055433823953,
          -0.5237290263175964
        ],
        [
          -0.3478078843792356,
          0.5136758271642875,
          -0.7843257159340178,
          -1.4117863178253174
        ],
        [
          -1.4901161463586807e-08,
          0.8365553507931603,
          0.5478824026593434,
          0.9861883521080017
        ],
        [
          0.0,
          0.0,
          0.0,
          1.0
        ]
      ]
    },
    {
      "file_path": "r_023.png",
      "intrinsic_matrix": [
        [
          560.0,
          0.0,
          256.0
        ],
        [
          0.0,
          560.0,
          256.0
        ],
        [
          0.0,
          0.0,
          1.0
        ]
      ],
      "transform_matrix": [
        [
          -0.8530572856046812,
          0.10705220370881902,
          -0.510718205830167,
          -0.9192928075790405
        ],
        [
          -0.5218172740306453,
          -0.17500697771879178,
          0.8349127551599435,
          1.502842903137207
        ],
        [
          0.0,
          0.9787299849451941,
          0.2051526395268834,
          0.36927473545074463
        ],
        [
          0.0,
          0.0,
          0.0,
          1.0
        ]
      ]
    },
    {
      "file_path": "r_024.png",
      "intrinsic_matrix": [
        [
          560.0,
          0.0,
          256.0
        ],
        [
          0.0,
          560.0,
          256.0
        ],
        [
          0.0,
          0.0,
          1.0
        ]
      ],
      "transform_matrix": [
        [
          0.01854352777471312,
          0.45372769370142674,
          -0.8909474269043909,
          -1.6037054061889648
        ],
        [
          -0.9998280540061218,
          0.00841516000762005,
          -0.016524151529307654,
          -0.02974347397685051
        ],
        [
          -4.656613619466544e-10,
          0.8911006481034733,
          0.4538057237504629,
          0.8168503046035767
        ],
        [
          0.0,
          0.0,
          0.0,
          1.0
        ]
      ]
    },
    {
      "file_path": "r_025.png",
      "intrinsic_matrix": [
        [
          560.0,
          0.0,
          256.0
        ],
        [
          0.0,
          560.0,
          256.0
        ],
        [
          0.0,
          0.0,
          1.0
        ]
      ],
      "transform_matrix": [
        [
          0.910335172834544,
          0.24161079370858723,
          -0.3360269240354045,
          -0.6048484444618225
        ],
        [
          -0.41387180756884245,
          0.5314370484412406,
          -0.7391108139282933,
          -1.330399513244629
        ],
        [
          0.0,
          0.8119106403463187,
          0.5837817323774017,
          1.0508071184158325
        ],
        [
          0.0,
          0.0,
          0.0,
          1.0
        ]
      ]
    },
    {
      "file_path": "r_026.png",
      "intrinsic_matrix": [
        [
          560.0,
          0.0,
          256.0
        ],
        [
          0.0,
          560.0,
          256.0
        ],
        [
          0.0,
          0.0,
          1.0
        ]
      ],
      "transform_matrix": [
        [
          0.5682713813085308,
          0.2037189520064087,
          -0.7972240473414232,
          -1.4350032806396484
        ],
        [
          -0.8228411980362276,
          0.14069258844042973,
          -0.5505796884084544,
          -0.9910435080528259
        ],
        [
          -7.4505804283191655e-09,
          0.9688674750198515,
          0.24757993669239334,
          0.44564390182495117
        ],
        [
          0.0,
          0.0,
          0.0,
          1.0
        ]
      ]
    },
    {
      "file_path": "r_027.png",
      "intrinsic_matrix": [
        [
          560.0,
          0.0,
          256.0
        ],
        [
          0.0,
          560.0,
          256.0
        ],
        [
          0.0,
          0.0,
          1.0
        ]
      ],
      "transform_matrix": [
        [
          0.9417214817733043,
          0.08626097518726798,
          -0.32514565908817655,
          -0.5852621793746948
        ],
        [
          -0.3363935950143701,
          0.24148441782989147,
          -0.9102332739907861,
          -1.6384198665618896
        ],
        [
          0.0,
          0.9665631485345901,
          0.2564287177679788,
          0.46157166361808777
        ],
        [
          0.0,
          0.0,
          0.0,
          1.0
        ]
      ]
    },
    {
      "file_path": "r_028.png",
      "intrinsic_matrix": [
        [
          560.0,
          0.0,
          256.0
        ],
        [
          0.0,
          560.0,
          256.0
        ],
        [
          0.0,
          0.0,
          1.0
        ]
      ],
      "transform_matrix": [
        [
          -0.26814140945120724,
          -0.13450906792355796,
          0.953943130920895,
          1.7170976400375366
        ],
        [
          0.9633795641062354,
          -0.03743846218991906,
          0.2655149297867728,
          0.4779268503189087
        ],
        [
          0.0,
          0.990204863750522,
          0.13962207930397413,
          0.2513197660446167
        ],
        [
          0.0,
          0.0,
          0.0,
          1.0
        ]
      ]
    },
    {
      "file_path": "r_029.png",
      "intrinsic_matrix": [
        [
          560.0,
          0.0,
          256.0
        ],
        [
          0.0,
          560.0,
          256.0
        ],
        [
          0.0,
          0.0,
          1.0
        ]
      ],
      "transform_matrix": [
        [
          -0.08415955425392503,
          -0.4398834012761286,
          0.894102776974823,
          1.6093850135803223
        ],
        [
          0.996452291596432,
          -0.0371521992074511,
          0.07551520353134908,
          0.13592736423015594
        ],
        [
          0.0,
          0.897286078893345,
          0.441449519471399,
          0.7946091294288635
        ],
        [
          0.0,
          0.0,
          0.0,
          1.0
        ]
      ]
    },
    {
      "file_path": "r_030.png",
      "intrinsic_matrix": [
        [
          560.0,
          0.0,
          256.0
        ],
        [
          0.0,
          560.0,
          256.0
        ],
        [
          0.0,
          0.0,
          1.0
        ]
      ],
      "transform_matrix": [
        [
          0.8593029869464782,
          -0.11474904323974672,
          0.49842858773788307,
          0.8971714377403259
        ],
        [
          0.5114668871245337,
          0.19278704526050006,
          -0.8373976069713313,
          -1.5073156356811523
        ],
        [
          -7.450580401258098e-09,
          0.9745079847057636,
          0.22435282651285499,
          0.40383508801460266
        ],
        [
          0.0,
          0.0,
          0.0,
          1.0
        ]
      ]
    },
    {
      "file_path": "r_031.png",
      "intrinsic_matrix": [
        [
          560.0,
          0.0,
          256.0
        ],
        [
          0.0,
          560.0,
          256.0
        ],
        [
          0.0,
          0.0,
          1.0
        ]
      ],
      "transform_matrix": [
        [
          0.8568685359123656,
          -0.28722337241493134,
          0.4281109728029054,
          0.7705997228622437
        ],
        [
          0.5155349766634649,
          0.4773928022917842,
          -0.7115615189871045,
          -1.2808107137680054
        ],
        [
          0.0,
          0.8304208852495167,
          0.5571366077206868,
          1.0028458833694458
        ],
        [
          0.0,
          0.0,
          0.0,
          1.0
        ]
      ]
    }
  ],
  "offset": [
    0.00965571403503418,
    0.0025711804628372192,
    -0.2576060891151428
  ],
  "scale": 5.241969207850136
}