{
    "intrinsics": [
        [
            280.0,
            0,
            128.0
        ],
        [
            0,
            280.0,
            128.0
        ],
        [
            0,
            0,
            1
        ]
    ],
    "near_far": [
        0.5,
        1.8
    ],
    "c2ws": {
        "view_0": [
            [
                0.866025447845459,
                -0.25,
                0.4330127239227295,
                0.5196152925491333
            ],
            [
                0.5000000596046448,
                0.4330126643180847,
                -0.75,
                -0.9000000357627869
            ],
            [
                -0.0,
                0.866025447845459,
                0.4999999403953552,
                0.5999999642372131
            ],
            [
                0,
                0,
                0,
                1
            ]
        ],
        "view_1": [
            [
                -0.5000000596046448,
                -0.43301263451576233,
                0.75,
                0.9000000357627869
            ],
            [
                0.8660253882408142,
                -0.25,
                0.43301278352737427,
                0.5196153521537781
            ],
            [
                0.0,
                0.866025447845459,
                0.4999999403953552,
                0.5999999642372131
            ],
            [
                0,
                0,
                0,
                1
            ]
        ],
        "view_2": [
            [
                -0.866025447845459,
                0.24999994039535522,
                -0.43301263451576233,
                -0.5196152329444885
            ],
            [
                -0.4999999403953552,
                -0.4330126643180847,
                0.75,
                0.9000001549720764
            ],
            [
                0.0,
                0.866025447845459,
                0.49999991059303284,
                0.5999999642372131
            ],
            [
                0,
                0,
                0,
                1
            ]
        ],
        "view_3": [
            [
                0.49999991059303284,
                0.4330126941204071,
                -0.75,
                -0.9000001549720764
            ],
            [
                -0.8660255074501038,
                0.24999992549419403,
                -0.43301257491111755,
                -0.5196151733398438
            ],
            [
                0.0,
                0.866025447845459,
                0.49999991059303284,
                0.5999999642372131
            ],
            [
                0,
                0,
                0,
                1
            ]
        ],
        "view_4": [
            [
                0.4999999403953552,
                3.785517321830412e-08,
                0.866025447845459,
                1.0392305850982666
            ],
            [
                0.866025447845459,
                -2.1855692367012125e-08,
                -0.4999999403953552,
                -0.5999999642372131
            ],
            [
                -0.0,
                1.0,
                -4.371138828673793e-08,
                -5.245366807571372e-08
            ],
            [
                0,
                0,
                0,
                1
            ]
        ],
        "view_5": [
            [
                -0.8660253882408142,
                2.1855699472439483e-08,
                0.5000000596046448,
                0.6000000834465027
            ],
            [
                0.5000001192092896,
                3.785517321830412e-08,
                0.8660253286361694,
                1.039230465888977
            ],
            [
                0.0,
                1.0,
                -4.371138828673793e-08,
                -5.245366807571372e-08
            ],
            [
                0,
                0,
                0,
                1
            ]
        ],
        "view_6": [
            [
                -0.49999991059303284,
                -3.785517321830412e-08,
                -0.866025447845459,
                -1.0392305850982666
            ],
            [
                -0.866025447845459,
                2.1855690590655286e-08,
                0.49999991059303284,
                0.5999999046325684
            ],
            [
                0.0,
                1.0,
                -4.371138828673793e-08,
                -5.245366807571372e-08
            ],
            [
                0,
                0,
                0,
                1
            ]
        ],
        "view_7": [
            [
                0.8660253286361694,
                -2.1855699472439483e-08,
                -0.5000001192092896,
                -0.600000262260437
            ],
            [
                -0.5000001788139343,
                -3.785516611287676e-08,
                -0.8660252690315247,
                -1.039230465888977
            ],
            [
                0.0,
                1.0,
                -4.371138473402425e-08,
                -5.245366807571372e-08
            ],
            [
                0,
                0,
                0,
                1
            ]
        ],
        "view_0_0_10": [
            [
                0.8660253882408142,
                -0.32139381766319275,
                0.3830222487449646,
                0.459626704454422
            ],
            [
                0.5,
                0.5566704273223877,
                -0.6634140014648438,
                -0.7960968017578125
            ],
            [
                -0.0,
                0.7660444974899292,
                0.6427876353263855,
                0.7713451981544495
            ],
            [
                0,
                0,
                0,
                1
            ]
        ],
        "view_0_1_10": [
            [
                0.8660253882408142,
                -0.1710100919008255,
                0.46984630823135376,
                0.5638155937194824
            ],
            [
                0.5,
                0.29619815945625305,
                -0.813797652721405,
                -0.976557195186615
            ],
            [
                -0.0,
                0.9396926760673523,
                0.3420201539993286,
                0.41042420268058777
            ],
            [
                0,
                0,
                0,
                1
            ]
        ],
        "view_0_2_10": [
            [
                0.9396926164627075,
                -0.17101004719734192,
                0.29619812965393066,
                0.3554377853870392
            ],
            [
                0.3420201241970062,
                0.469846248626709,
                -0.8137977123260498,
                -0.9765573143959045
            ],
            [
                -0.0,
                0.866025447845459,
                0.4999999403953552,
                0.5999999642372131
            ],
            [
                0,
                0,
                0,
                1
            ]
        ],
        "view_0_3_10": [
            [
                0.7660444378852844,
                -0.321393758058548,
                0.5566704273223877,
                0.66800457239151
            ],
            [
                0.6427876353263855,
                0.38302215933799744,
                -0.663413941860199,
                -0.7960968613624573
            ],
            [
                -0.0,
                0.866025447845459,
                0.49999991059303284,
                0.5999999642372131
            ],
            [
                0,
                0,
                0,
                1
            ]
        ],
        "view_1_0_10": [
            [
                -0.5000000596046448,
                -0.5566703677177429,
                0.6634138822555542,
                0.7960968017578125
            ],
            [
                0.8660253286361694,
                -0.32139384746551514,
                0.3830222487449646,
                0.4596267640590668
            ],
            [
                0.0,
                0.7660444378852844,
                0.6427875757217407,
                0.7713451981544495
            ],
            [
                0,
                0,
                0,
                1
            ]
        ],
        "view_1_1_10": [
            [
                -0.5000000596046448,
                -0.29619815945625305,
                0.813797652721405,
                0.976557195186615
            ],
            [
                0.8660253882408142,
                -0.1710101068019867,
                0.46984636783599854,
                0.5638156533241272
            ],
            [
                0.0,
                0.9396926760673523,
                0.3420201539993286,
                0.41042420268058777
            ],
            [
                0,
                0,
                0,
                1
            ]
        ],
        "view_1_2_10": [
            [
                -0.3420201241970062,
                -0.469846248626709,
                0.8137977123260498,
                0.9765573143959045
            ],
            [
                0.9396926164627075,
                -0.17101004719734192,
                0.29619812965393066,
                0.3554377555847168
            ],
            [
                0.0,
                0.866025447845459,
                0.4999999403953552,
                0.5999999642372131
            ],
            [
                0,
                0,
                0,
                1
            ]
        ],
        "view_1_3_10": [
            [
                -0.6427876353263855,
                -0.38302215933799744,
                0.6634140014648438,
                0.7960968017578125
            ],
            [
                0.7660444378852844,
                -0.32139378786087036,
                0.5566704273223877,
                0.66800457239151
            ],
            [
                0.0,
                0.866025447845459,
                0.4999999403953552,
                0.5999999642372131
            ],
            [
                0,
                0,
                0,
                1
            ]
        ],
        "view_2_0_10": [
            [
                -0.8660253882408142,
                0.32139378786087036,
                -0.3830221891403198,
                -0.4596266746520996
            ],
            [
                -0.4999999701976776,
                -0.5566704273223877,
                0.663413941860199,
                0.7960968613624573
            ],
            [
                0.0,
                0.7660444974899292,
                0.6427875757217407,
                0.7713451981544495
            ],
            [
                0,
                0,
                0,
                1
            ]
        ],
        "view_2_1_10": [
            [
                -0.866025447845459,
                0.1710100620985031,
                -0.469846248626709,
                -0.5638155341148376
            ],
            [
                -0.4999999403953552,
                -0.29619815945625305,
                0.8137977123260498,
                0.9765573143959045
            ],
            [
                0.0,
                0.9396926760673523,
                0.3420201539993286,
                0.41042420268058777
            ],
            [
                0,
                0,
                0,
                1
            ]
        ],
        "view_2_2_10": [
            [
                -0.9396926164627075,
                0.1710100620985031,
                -0.29619815945625305,
                -0.3554378151893616
            ],
            [
                -0.3420201539993286,
                -0.469846248626709,
                0.8137977123260498,
                0.9765573143959045
            ],
            [
                0.0,
                0.866025447845459,
                0.4999999403953552,
                0.5999999642372131
            ],
            [
                0,
                0,
                0,
                1
            ]
        ],
        "view_2_3_10": [
            [
                -0.7660444378852844,
                0.32139378786087036,
                -0.5566704273223877,
                -0.6680045127868652
            ],
            [
                -0.6427876353263855,
                -0.38302215933799744,
                0.6634140014648438,
                0.7960968613624573
            ],
            [
                0.0,
                0.866025447845459,
                0.4999999403953552,
                0.5999999642372131
            ],
            [
                0,
                0,
                0,
                1
            ]
        ],
        "view_3_0_10": [
            [
                0.49999991059303284,
                0.5566704869270325,
                -0.6634140014648438,
                -0.7960968613624573
            ],
            [
                -0.8660255074501038,
                0.321393758058548,
                -0.38302215933799744,
                -0.45962661504745483
            ],
            [
                0.0,
                0.7660444974899292,
                0.6427876353263855,
                0.7713451981544495
            ],
            [
                0,
                0,
                0,
                1
            ]
        ],
        "view_3_1_10": [
            [
                0.49999991059303284,
                0.29619818925857544,
                -0.8137977123260498,
                -0.9765573143959045
            ],
            [
                -0.866025447845459,
                0.1710100620985031,
                -0.4698462188243866,
                -0.5638154745101929
            ],
            [
                0.0,
                0.9396926760673523,
                0.3420201539993286,
                0.41042420268058777
            ],
            [
                0,
                0,
                0,
                1
            ]
        ],
        "view_3_2_10": [
            [
                0.3420200049877167,
                0.469846248626709,
                -0.8137977719306946,
                -0.9765574336051941
            ],
            [
                -0.9396926760673523,
                0.17100997269153595,
                -0.2961980402469635,
                -0.355437695980072
            ],
            [
                0.0,
                0.866025447845459,
                0.49999991059303284,
                0.5999999642372131
            ],
            [
                0,
                0,
                0,
                1
            ]
        ],
        "view_3_3_10": [
            [
                0.642787516117096,
                0.3830222189426422,
                -0.6634140610694885,
                -0.796096920967102
            ],
            [
                -0.766044557094574,
                0.3213937282562256,
                -0.5566703677177429,
                -0.6680044531822205
            ],
            [
                0.0,
                0.8660255074501038,
                0.4999999403953552,
                0.5999999642372131
            ],
            [
                0,
                0,
                0,
                1
            ]
        ],
        "view_4_0_10": [
            [
                0.4999999701976776,
                -0.15038378536701202,
                0.8528684973716736,
                1.023442268371582
            ],
            [
                0.8660253882408142,
                0.08682411164045334,
                -0.4924038350582123,
                -0.5908846259117126
            ],
            [
                -0.0,
                0.9848077893257141,
                0.17364822328090668,
                0.2083778828382492
            ],
            [
                0,
                0,
                0,
                1
            ]
        ],
        "view_4_1_10": [
            [
                0.4999999701976776,
                0.15038375556468964,
                0.8528684973716736,
                1.023442268371582
            ],
            [
                0.8660253882408142,
                -0.08682409673929214,
                -0.4924038350582123,
                -0.5908846259117126
            ],
            [
                -0.0,
                0.9848077893257141,
                -0.1736481934785843,
                -0.20837783813476562
            ],
            [
                0,
                0,
                0,
                1
            ]
        ],
        "view_4_2_10": [
            [
                0.6427876353263855,
                3.34848664351739e-08,
                0.7660443782806396,
                0.919253408908844
            ],
            [
                0.7660444378852844,
                -2.8097138837779312e-08,
                -0.6427875757217407,
                -0.7713451981544495
            ],
            [
                -0.0,
                1.0,
                -4.371138473402425e-08,
                -5.245366807571372e-08
            ],
            [
                0,
                0,
                0,
                1
            ]
        ],
        "view_4_3_10": [
            [
                0.3420201539993286,
                4.10752676316406e-08,
                0.9396926164627075,
                1.1276311874389648
            ],
            [
                0.9396926164627075,
                -1.4950176208117227e-08,
                -0.3420201539993286,
                -0.41042420268058777
            ],
            [
                -0.0,
                1.0,
                -4.371138828673793e-08,
                -5.245366807571372e-08
            ],
            [
                0,
                0,
                0,
                1
            ]
        ],
        "view_5_0_10": [
            [
                -0.8660253882408142,
                -0.08682414144277573,
                0.49240392446517944,
                0.5908847451210022
            ],
            [
                0.5000001192092896,
                -0.15038378536701202,
                0.8528684377670288,
                1.0234421491622925
            ],
            [
                0.0,
                0.9848077893257141,
                0.17364822328090668,
                0.2083778828382492
            ],
            [
                0,
                0,
                0,
                1
            ]
        ],
        "view_5_1_10": [
            [
                -0.8660253286361694,
                0.08682412654161453,
                0.4924039840698242,
                0.5908847451210022
            ],
            [
                0.5000001192092896,
                0.15038374066352844,
                0.8528684973716736,
                1.0234421491622925
            ],
            [
                0.0,
                0.9848077893257141,
                -0.17364820837974548,
                -0.20837783813476562
            ],
            [
                0,
                0,
                0,
                1
            ]
        ],
        "view_5_2_10": [
            [
                -0.7660444378852844,
                2.809714061413615e-08,
                0.6427876353263855,
                0.7713451981544495
            ],
            [
                0.6427876353263855,
                3.34848664351739e-08,
                0.7660444378852844,
                0.9192533493041992
            ],
            [
                0.0,
                1.0,
                -4.371138828673793e-08,
                -5.245366807571372e-08
            ],
            [
                0,
                0,
                0,
                1
            ]
        ],
        "view_5_3_10": [
            [
                -0.9396926164627075,
                1.4950177984474067e-08,
                0.3420202136039734,
                0.41042426228523254
            ],
            [
                0.3420202136039734,
                4.10752676316406e-08,
                0.9396926164627075,
                1.1276311874389648
            ],
            [
                0.0,
                1.0,
                -4.371138828673793e-08,
                -5.245366807571372e-08
            ],
            [
                0,
                0,
                0,
                1
            ]
        ],
        "view_6_0_10": [
            [
                -0.4999999403953552,
                0.15038380026817322,
                -0.8528684973716736,
                -1.023442268371582
            ],
            [
                -0.866025447845459,
                -0.08682411164045334,
                0.4924037754535675,
                0.5908845663070679
            ],
            [
                0.0,
                0.9848077297210693,
                0.17364822328090668,
                0.2083778828382492
            ],
            [
                0,
                0,
                0,
                1
            ]
        ],
        "view_6_1_10": [
            [
                -0.4999999403953552,
                -0.15038377046585083,
                -0.8528686165809631,
                -1.023442268371582
            ],
            [
                -0.866025447845459,
                0.08682409673929214,
                0.4924038350582123,
                0.5908845663070679
            ],
            [
                0.0,
                0.9848077893257141,
                -0.17364820837974548,
                -0.20837783813476562
            ],
            [
                0,
                0,
                0,
                1
            ]
        ],
        "view_6_2_10": [
            [
                -0.642787516117096,
                -3.348486998788758e-08,
                -0.7660444974899292,
                -0.9192535281181335
            ],
            [
                -0.766044557094574,
                2.8097131732351954e-08,
                0.6427874565124512,
                0.7713450789451599
            ],
            [
                0.0,
                1.0,
                -4.371138473402425e-08,
                -5.245366807571372e-08
            ],
            [
                0,
                0,
                0,
                1
            ]
        ],
        "view_6_3_10": [
            [
                -0.34202006459236145,
                -4.10752676316406e-08,
                -0.9396926164627075,
                -1.1276313066482544
            ],
            [
                -0.9396926760673523,
                1.495017087904671e-08,
                0.34202003479003906,
                0.4104240834712982
            ],
            [
                0.0,
                1.0,
                -4.371138473402425e-08,
                -5.245366807571372e-08
            ],
            [
                0,
                0,
                0,
                1
            ]
        ],
        "view_7_0_10": [
            [
                0.8660252690315247,
                0.08682414889335632,
                -0.4924040734767914,
                -0.5908849239349365
            ],
            [
                -0.5000001788139343,
                0.15038377046585083,
                -0.8528684377670288,
                -1.0234421491622925
            ],
            [
                0.0,
                0.9848077893257141,
                0.17364822328090668,
                0.2083778828382492
            ],
            [
                0,
                0,
                0,
                1
            ]
        ],
        "view_7_1_10": [
            [
                0.8660252690315247,
                -0.08682413399219513,
                -0.4924040734767914,
                -0.5908849239349365
            ],
            [
                -0.5000001788139343,
                -0.15038374066352844,
                -0.8528684377670288,
                -1.0234421491622925
            ],
            [
                0.0,
                0.9848077893257141,
                -0.1736481934785843,
                -0.20837783813476562
            ],
            [
                0,
                0,
                0,
                1
            ]
        ],
        "view_7_2_10": [
            [
                0.7660443782806396,
                -2.809714239049299e-08,
                -0.6427876949310303,
                -0.771345317363739
            ],
            [
                -0.642787754535675,
                -3.348485932974654e-08,
                -0.7660443186759949,
                -0.9192532896995544
            ],
            [
                0.0,
                1.0,
                -4.371138473402425e-08,
                -5.245366807571372e-08
            ],
            [
                0,
                0,
                0,
                1
            ]
        ],
        "view_7_3_10": [
            [
                0.9396925568580627,
                -1.4950186866258264e-08,
                -0.3420203626155853,
                -0.41042444109916687
            ],
            [
                -0.3420203924179077,
                -4.10752676316406e-08,
                -0.939692497253418,
                -1.1276310682296753
            ],
            [
                0.0,
                1.0,
                -4.371138828673793e-08,
                -5.245366807571372e-08
            ],
            [
                0,
                0,
                0,
                1
            ]
        ]
    }
}